GR A (B_S_I) - rand
0.377 0.924 1.522 3.06 5.22 11.94 34.4
0.044 0.109 0.341 0.36 0.69 1.5 5.02
0.037 0.065 0.092 0.19 0.33 0.79 2.42

0.001 0.002 0.003 0.02 0.028 0.05 0.14 0.23
0.017 0.009 0.021 0.065 0.173 0.32 0.65 1.4
0.002 0.003 0.006 0.035 0.087 0.11 0.195 0.4

GR A - reverse
0.523 1.268 1.9 3.84 6.51 14.35 41.46
0.046 0.120 0.150 0.310 0.550 1.240 3.75
0.048 0.120 0.150 0.320 0.570 1.28 3.6

0.001 0.001 0.002 0.003 0.009 0.024 0.05 0.09
0.004 0.008 0.019 0.049 0.120 0.310 0.600 1.31
0.001 0.002 0.004 0.012 0.028 0.078 0.150 0.32

GR A - Sorted
0.037 0.1 0.16 0.382 0.667 1.55 3.95
0.035 0.087 0.144 0.321 0.631 1.17 3.22
0.000 0.00 0 0 0 0 0

0.000 0.001 0.000 0.001 0.001 0.001 0.003 | 0.006 0.019 0.041 0.075
0.004 0.006 0.009 0.012 0.017 0.024 0.042 | 0.102 0.288 0.536 1.100
0.001 0.001 0.003 0.003 0.005 0.006 0.011 | 0.025 0.093 0.153 0.289